              precision    recall  f1-score   support

           0       1.00      0.90      0.95      7403
           1       0.01      1.00      0.02         2
           2       0.00      0.00      0.00         3
           3       0.03      0.03      0.03        31
           4       0.33      0.27      0.29       200
           5       0.25      0.17      0.20       227
           6       0.05      0.52      0.09        31
           7       0.29      0.35      0.32        88
           8       0.10      0.31      0.15        13
           9       0.00      0.50      0.01         2

    accuracy                           0.85      8000
   macro avg       0.21      0.40      0.21      8000
weighted avg       0.94      0.85      0.89      8000
